{
    "keyframes": [
        {
            "matrix": [
                0.9990947260851372,
                0.009523910403030468,
                0.04146110755274009,
                1.0335041307400743,
                0.028896260384951362,
                0.563338755409244,
                -0.8257205658028199,
                -20.58279833718162,
                -0.03122073741329509,
                0.8261711334733253,
                0.5625535741338519,
                14.02281504155104,
                0.0,
                0.0,
                0.0,
                1.0
            ],
            "fov": 90,
            "aspect": 1.7777777777777777,
            "enable_model_transform": true,
            "model_sizes": [],
            "model_poses": []
        },
        {
            "matrix": [
                0.9990947260851372,
                0.009523910403030468,
                0.04146110755274009,
                1.0335041307400743,
                0.028896260384951362,
                0.563338755409244,
                -0.8257205658028199,
                -20.58279833718162,
                -0.03122073741329509,
                0.8261711334733253,
                0.5625535741338519,
                14.02281504155104,
                0.0,
                0.0,
                0.0,
                1.0
            ],
            "fov": 90,
            "aspect": 1.7777777777777777,
            "enable_model_transform": true,
            "model_sizes": [],
            "model_poses": []
        },
        {
            "matrix": [
                0.9994703881811101,
                0.03235327003129063,
                -0.003494147590384293,
                -0.0855052953860414,
                -0.01730811411493692,
                0.4375969616301013,
                -0.8990046320002405,
                -21.999544845823426,
                -0.02755671124944554,
                0.8985889856271252,
                0.4379251791970047,
                10.716468276057988,
                0.0,
                0.0,
                0.0,
                1.0
            ],
            "fov": 90,
            "aspect": 1.7777777777777777,
            "enable_model_transform": true,
            "model_sizes": [],
            "model_poses": []
        }
    ],
    "camera_type": "perspective",
    "render_height": 1080.0,
    "render_width": 1920.0,
    "fps": 30.0,
    "seconds": 4.0,
    "is_cycle": false,
    "smoothness_value": 0.0,
    "orientation_transform": [
        [
            1.0,
            0.0,
            0.0,
            0.0
        ],
        [
            0.0,
            1.0,
            0.0,
            0.0
        ],
        [
            0.0,
            0.0,
            1.0,
            0.0
        ],
        [
            0.0,
            0.0,
            0.0,
            1.0
        ]
    ],
    "background_color": [
        0.5,
        0.5,
        0.5
    ],
    "sh_degree": 3,
    "camera_path": [
        {
            "camera_to_world": [
                0.9990947260851372,
                0.009523910403030468,
                0.04146110755274009,
                1.0335041307400743,
                0.028896260384951362,
                0.563338755409244,
                -0.8257205658028199,
                -20.58279833718162,
                -0.03122073741329509,
                0.8261711334733253,
                0.5625535741338519,
                14.02281504155104,
                0.0,
                0.0,
                0.0,
                1.0
            ],
            "fov": 90.0,
            "aspect": 1.7777777777777777,
            "model_sizes": [],
            "model_poses": []
        },
        {
            "camera_to_world": [
                0.9990945151587343,
                0.009520351874233496,
                0.04146700712523612,
                1.038165374865801,
                0.028902521003032283,
                0.5633551027478971,
                -0.8257091936557179,
                -20.57689686648185,
                -0.03122169212907722,
                0.826160027541939,
                0.5625698310721079,
                14.036587659617023,
                0.0,
                0.0,
                0.0,
                1.0
            ],
            "fov": 90.0,
            "aspect": 1.7777777777777777,
            "model_sizes": [],
            "model_poses": []
        },
        {
            "camera_to_world": [
                0.9990938964291057,
                0.009509916870770135,
                0.041484305456621275,
                1.0428188480927352,
                0.028920878291730706,
                0.5634030350666652,
                -0.8256758461263747,
                -20.571005234299502,
                -0.031224492260757665,
                0.8261274608429263,
                0.5626174984163547,
                14.05033731694158,
                0.0,
                0.0,
                0.0,
                1.0
            ],
            "fov": 90.0,
            "aspect": 1.7777777777777777,
            "model_sizes": [],
            "model_poses": []
        },
        {
            "camera_to_world": [
                0.9990928906442493,
                0.009492965389964171,
                0.041512401426838576,
                1.0474567795220844,
                0.028950695250354472,
                0.5634808859915149,
                -0.8256216738717186,
                -20.565133279151993,
                -0.03122904271089894,
                0.8260745576098578,
                0.5626949192600182,
                14.064041052783281,
                0.0,
                0.0,
                0.0,
                1.0
            ],
            "fov": 90.0,
            "aspect": 1.7777777777777777,
            "model_sizes": [],
            "model_poses": []
        },
        {
            "camera_to_world": [
                0.999091518182924,
                0.00946985643705909,
                0.041550693303501154,
                1.0520713982550558,
                0.02899133470543177,
                0.5635869870789614,
                -0.8255478244821776,
                -20.559290839556752,
                -0.03123524942973487,
                0.8260024393513133,
                0.5628004347712804,
                14.077675906400701,
                0.0,
                0.0,
                0.0,
                1.0
            ],
            "fov": 90.0,
            "aspect": 1.7777777777777777,
            "model_sizes": [],
            "model_poses": []
        },
        {
            "camera_to_world": [
                0.9990897991333119,
                0.009440948236861566,
                0.04159857887172975,
                1.056654933392857,
                0.02904215934689713,
                0.5637196682552252,
                -0.825455443135902,
                -20.55348775403119,
                -0.031243019191941994,
                0.8259122254323445,
                0.5629323846015295,
                14.091218917052414,
                0.0,
                0.0,
                0.0,
                1.0
            ],
            "fov": 90.0,
            "aspect": 1.7777777777777777,
            "model_sizes": [],
            "model_poses": []
        },
        {
            "camera_to_world": [
                0.9990877533671886,
                0.009406598433348594,
                0.041655455556476484,
                1.0611996140366957,
                0.029102531762109175,
                0.5638772582300284,
                -0.8253456732157876,
                -20.547733861092738,
                -0.031252259386151435,
                0.8258050336228884,
                0.5630891072702092,
                14.104647123996992,
                0.0,
                0.0,
                0.0,
                1.0
            ],
            "fov": 90.0,
            "aspect": 1.7777777777777777,
            "model_sizes": [],
            "model_poses": []
        },
        {
            "camera_to_world": [
                0.9990854006095994,
                0.009367164277195125,
                0.04172072053740568,
                1.065697669287779,
                0.02917181446777537,
                0.5640580848852353,
                -0.8252196568891571,
                -20.54203899925881,
                -0.03126287781721249,
                0.8256819806129988,
                0.5632689405262652,
                14.117937566493008,
                0.0,
                0.0,
                0.0,
                1.0
            ],
            "fov": 90.0,
            "aspect": 1.7777777777777777,
            "model_sizes": [],
            "model_poses": []
        },
        {
            "camera_to_world": [
                0.9990827605040388,
                0.009323002801169919,
                0.041793770856419166,
                1.0701413282473144,
                0.029249369939876507,
                0.5642604756385721,
                -0.8250785356499419,
                -20.536413007046832,
                -0.03127478252122215,
                0.8255441824947358,
                0.5634702216864246,
                14.131067283799034,
                0.0,
                0.0,
                0.0,
                1.0
            ],
            "fov": 90.0,
            "aspect": 1.7777777777777777,
            "model_sizes": [],
            "model_poses": []
        },
        {
            "camera_to_world": [
                0.9990798526731317,
                0.009274470983393958,
                0.04187400351783487,
                1.0745228200165098,
                0.029334560641600442,
                0.5644827577824548,
                -0.8249234508233348,
                -20.53086572297422,
                -0.031287881593321874,
                0.8253927552106893,
                0.563691287950337,
                14.144013315173645,
                0.0,
                0.0,
                0.0,
                1.0
            ],
            "fov": 90.0,
            "aspect": 1.7777777777777777,
            "model_sizes": [],
            "model_poses": []
        },
        {
            "camera_to_world": [
                0.9990766967748171,
                0.009221925898442241,
                0.04196081558125087,
                1.078834373696572,
                0.029426749049318898,
                0.5647232587980132,
                -0.8247555440328611,
                -20.5254069855584,
                -0.031302083028266904,
                0.8252288149690823,
                0.5639304766926643,
                14.15675269987541,
                0.0,
                0.0,
                0.0,
                1.0
            ],
            "fov": 90.0,
            "aspect": 1.7777777777777777,
            "model_sizes": [],
            "model_poses": []
        },
        {
            "camera_to_world": [
                0.999073312554031,
                0.00916572485626347,
                0.042053604247136694,
                1.0830682183887088,
                0.029525297676652053,
                0.564980306644424,
                -0.8245759576297854,
                -20.52004663331679,
                -0.03131729457377512,
                0.8250534786253748,
                0.5641861257322335,
                14.169262477162906,
                0.0,
                0.0,
                0.0,
                1.0
            ],
            "fov": 90.0,
            "aspect": 1.7777777777777777,
            "model_sizes": [],
            "model_poses": []
        },
        {
            "camera_to_world": [
                0.9990697198898887,
                0.009106225528912952,
                0.04215176693515915,
                1.0872165831941278,
                0.029629569096628526,
                0.5652522300235794,
                -0.8243858350848337,
                -20.514794504766815,
                -0.031333423596656626,
                0.8248678640303471,
                0.564456573578274,
                14.181519686294706,
                0.0,
                0.0,
                0.0,
                1.0
            ],
            "fov": 90.0,
            "aspect": 1.7777777777777777,
            "model_sizes": [],
            "model_poses": []
        },
        {
            "camera_to_world": [
                0.999065938838368,
                0.009043786065113047,
                0.04225470135521907,
                1.0912716972140362,
                0.029738925961915907,
                0.5655373586200176,
                -0.8241863213422833,
                -20.509660438425893,
                -0.0313503769617204,
                0.8246730903447148,
                0.564740159653673,
                14.19350136652938,
                0.0,
                0.0,
                0.0,
                1.0
            ],
            "fov": 90.0,
            "aspect": 1.7777777777777777,
            "model_sizes": [],
            "model_poses": []
        },
        {
            "camera_to_world": [
                0.9990619896704908,
                0.008978765192612133,
                0.042361805571246094,
                1.0952257895496416,
                0.029852731023171736,
                0.5658340233162545,
                -0.8239785631363225,
                -20.504654272811443,
                -0.03136806092346607,
                0.8244702783201808,
                0.5650352244953809,
                14.205184557125504,
                0.0,
                0.0,
                0.0,
                1.0
            ],
            "fov": 90.0,
            "aspect": 1.7777777777777777,
            "model_sizes": [],
            "model_poses": []
        },
        {
            "camera_to_world": [
                0.9990578929060053,
                0.008911522308386908,
                0.04247247805767733,
                1.0990710893021514,
                0.029970347145436522,
                0.5661405563833021,
                -0.8237637092698291,
                -20.49978584644089,
                -0.031386381030548666,
                0.8242605505470662,
                0.5653401099317585,
                14.216546297341647,
                0.0,
                0.0,
                0.0,
                1.0
            ],
            "fov": 90.0,
            "aspect": 1.7777777777777777,
            "model_sizes": [],
            "model_poses": []
        },
        {
            "camera_to_world": [
                0.9990536693425686,
                0.008842417556657219,
                0.04258611774867033,
                1.1027998255727731,
                0.030091137322622183,
                0.5664552916465208,
                -0.8235429108554613,
                -20.495064997831655,
                -0.03140524204302504,
                0.8240450316684209,
                0.56565315923701,
                14.227563626436387,
                0.0,
                0.0,
                0.0,
                1.0
            ],
            "fov": 90.0,
            "aspect": 1.7777777777777777,
            "model_sizes": [],
            "model_poses": []
        },
        {
            "camera_to_world": [
                0.9990493400804289,
                0.008771811894751538,
                0.042702124079986595,
                1.106404227462714,
                0.030214464690028652,
                0.5667765646266236,
                -0.8233173215191928,
                -20.49050156550116,
                -0.03142454786237166,
                0.8238248485607399,
                0.5659727172625194,
                14.238213583668294,
                0.0,
                0.0,
                0.0,
                1.0
            ],
            "fov": 90.0,
            "aspect": 1.7777777777777777,
            "model_sizes": [],
            "model_poses": []
        },
        {
            "camera_to_world": [
                0.9990449265426138,
                0.008700067146846313,
                0.04281989702350743,
                1.1098765240731816,
                0.03033969253484764,
                0.5671027126557333,
                -0.8230880975663539,
                -20.48610538796682,
                -0.03144420147426749,
                0.8236011304813449,
                0.5662971305449962,
                14.248473208295941,
                0.0,
                0.0,
                0.0,
                1.0
            ],
            "fov": 90.0,
            "aspect": 1.7777777777777777,
            "model_sizes": [],
            "model_poses": []
        },
        {
            "camera_to_world": [
                0.9990404504906162,
                0.0086275460455577,
                0.04293883711441726,
                1.1132089445053837,
                0.030466184304691436,
                0.5674320749685745,
                -0.8228563981101262,
                -20.48188630374606,
                -0.03146410490414829,
                0.8233750091823833,
                0.5666247473915087,
                14.2583195395779,
                0.0,
                0.0,
                0.0,
                1.0
            ],
            "fov": 90.0,
            "aspect": 1.7777777777777777,
            "model_sizes": [],
            "model_poses": []
        },
        {
            "camera_to_world": [
                0.999035934035589,
                0.008554612261457635,
                0.04305834547093508,
                1.1163937178605272,
                0.030593303614019615,
                0.5677629927684948,
                -0.8226233851627016,
                -20.477854151356304,
                -0.031484159185512506,
                0.8231476189916473,
                0.5669539179410996,
                14.267729616772748,
                0.0,
                0.0,
                0.0,
                1.0
            ],
            "fov": 90.0,
            "aspect": 1.7777777777777777,
            "model_sizes": [],
            "model_poses": []
        },
        {
            "camera_to_world": [
                0.9990313996450435,
                0.008481630420499155,
                0.0431778238066194,
                1.11942307323982,
                0.030720414248490938,
                0.5680938092683588,
                -0.8223902236890751,
                -20.474018769314966,
                -0.0315042643409828,
                0.8229200968601847,
                0.5672829942030325,
                14.276680479139053,
                0.0,
                0.0,
                0.0,
                1.0
            ],
            "fov": 90.0,
            "aspect": 1.7777777777777777,
            "model_sizes": [],
            "model_poses": []
        },
        {
            "camera_to_world": [
                0.999026870145054,
                0.008408966109370718,
                0.04329667443521361,
                1.1222892397444695,
                0.030846880167205076,
                0.5684228697062411,
                -0.8221580816235231,
                -20.470389996139478,
                -0.03152431937611842,
                0.8226935823767517,
                0.5676103300715901,
                14.28514916593539,
                0.0,
                0.0,
                0.0,
                1.0
            ],
            "fov": 90.0,
            "aspect": 1.7777777777777777,
            "model_sizes": [],
            "model_poses": []
        },
        {
            "camera_to_world": [
                0.9990223687179727,
                0.008336985868842687,
                0.043414300267928516,
                1.124984446475683,
                0.030972065502724456,
                0.5687485213356278,
                -0.8219281298489741,
                -20.46697767034725,
                -0.03154422228596049,
                0.8224692177493088,
                0.5679342813171382,
                14.293112716420334,
                0.0,
                0.0,
                0.0,
                1.0
            ],
            "fov": 90.0,
            "aspect": 1.7777777777777777,
            "model_sizes": [],
            "model_poses": []
        },
        {
            "camera_to_world": [
                0.9990179188956524,
                0.008266057175079741,
                0.04353010480320482,
                1.127500922534668,
                0.031095334558921765,
                0.56906911339024,
                -0.821701542139185,
                -20.46379163045571,
                -0.0315638700743177,
                0.8222481477534774,
                0.5682532055535694,
                14.300548169852457,
                0.0,
                0.0,
                0.0,
                1.0
            ],
            "fov": 90.0,
            "aspect": 1.7777777777777777,
            "model_sizes": [],
            "model_poses": []
        },
        {
            "camera_to_world": [
                0.9990135445481817,
                0.008196548408966723,
                0.04364349210887814,
                1.129830897022632,
                0.031216051806570572,
                0.5693829970232739,
                -0.8214794950638781,
                -20.460841714982276,
                -0.031583158785779254,
                0.8220315196481057,
                0.5685654621819183,
                14.307432565490329,
                0.0,
                0.0,
                0.0,
                1.0
            ],
            "fov": 90.0,
            "aspect": 1.7777777777777777,
            "model_sizes": [],
            "model_poses": []
        },
        {
            "camera_to_world": [
                0.9990092698681323,
                0.008128828813485612,
                0.04375386679668527,
                1.1319665990407823,
                0.031333581876613975,
                0.5696885252208769,
                -0.8212631678569567,
                -20.45813776244437,
                -0.03160198355044442,
                0.8218204830580601,
                0.568869412309973,
                14.313742942592524,
                0.0,
                0.0,
                0.0,
                1.0
            ],
            "fov": 90.0,
            "aspect": 1.7777777777777777,
            "model_sizes": [],
            "model_poses": []
        },
        {
            "camera_to_world": [
                0.9990051193503199,
                0.008063268439107972,
                0.043860633989169985,
                1.1339002576903268,
                0.031447289551173034,
                0.5699840526900333,
                -0.8210537422476863,
                -20.455689611359414,
                -0.03162023864137859,
                0.8216161898241322,
                0.5691634186480522,
                14.319456340417618,
                0.0,
                0.0,
                0.0,
                1.0
            ],
            "fov": 90.0,
            "aspect": 1.7777777777777777,
            "model_sizes": [],
            "model_poses": []
        },
        {
            "camera_to_world": [
                0.9990011177670799,
                0.008000238077289562,
                0.043963199278847544,
                1.1356241020724724,
                0.031556539752145174,
                0.5702679357204595,
                -0.8208524022551176,
                -20.453507100244828,
                -0.03163781754477158,
                0.8214197938203296,
                0.5694458453805517,
                14.324549798224183,
                0.0,
                0.0,
                0.0,
                1.0
            ],
            "fov": 90.0,
            "aspect": 1.7777777777777777,
            "model_sizes": [],
            "model_poses": []
        },
        {
            "camera_to_world": [
                0.9989972901390619,
                0.007940109182062591,
                0.04406096867963571,
                1.137130361288427,
                0.031660697527400666,
                0.5705385320205365,
                -0.8206603339457377,
                -20.451600067618035,
                -0.0316546130427993,
                0.8212324507385398,
                0.5697150580132865,
                14.32900035527079,
                0.0,
                0.0,
                0.0,
                1.0
            ],
            "fov": 90.0,
            "aspect": 1.7777777777777777,
            "model_sizes": [],
            "model_poses": []
        },
        {
            "camera_to_world": [
                0.9989936617015357,
                0.007883253779651213,
                0.044153348570673746,
                1.1384112644393976,
                0.03175912803470641,
                0.5707942005276135,
                -0.8204787251541124,
                -20.449978351996453,
                -0.03167051730920933,
                0.8210553178403317,
                0.5699694231969632,
                14.332785050816012,
                0.0,
                0.0,
                0.0,
                1.0
            ],
            "fov": 90.0,
            "aspect": 1.7777777777777777,
            "model_sizes": [],
            "model_poses": []
        },
        {
            "camera_to_world": [
                0.9989902578662218,
                0.007830044366316761,
                0.04423974563219389,
                1.139459040626592,
                0.03185119652301979,
                0.5710333011917541,
                -0.8203087651671774,
                -20.448651791897504,
                -0.031685422017572684,
                0.8208895536765399,
                0.5702073085258548,
                14.335880924118424,
                0.0,
                0.0,
                0.0,
                1.0
            ],
            "fov": 90.0,
            "aspect": 1.7777777777777777,
            "model_sizes": [],
            "model_poses": []
        },
        {
            "camera_to_world": [
                0.9989871041786359,
                0.0077808537942232695,
                0.04431956677378683,
                1.1402659189512176,
                0.031936268311515865,
                0.5712541947338718,
                -0.8201516443715093,
                -20.447630225838612,
                -0.031699218462260176,
                0.8207363177739784,
                0.5704270823126242,
                14.3382650144366,
                0.0,
                0.0,
                0.0,
                1.0
            ],
            "fov": 90.0,
            "aspect": 1.7777777777777777,
            "model_sizes": [],
            "model_poses": []
        },
        {
            "camera_to_world": [
                0.9989842262709514,
                0.0077360551454439715,
                0.044392219054864214,
                1.140824128514482,
                0.03201370876613861,
                0.5714552423777084,
                -0.8200085538639652,
                -20.446923492337195,
                -0.031711797692109155,
                0.8205967702896602,
                0.570627113338749,
                14.339914361029107,
                0.0,
                0.0,
                0.0,
                1.0
            ],
            "fov": 90.0,
            "aspect": 1.7777777777777777,
            "model_sizes": [],
            "model_poses": []
        },
        {
            "camera_to_world": [
                0.9989816498103843,
                0.007696021594127805,
                0.04445710959728918,
                1.1411258984175925,
                0.03208288327364453,
                0.5716348055555764,
                -0.819880685025747,
                -20.446541429910674,
                -0.031723050656775796,
                0.8204720716325822,
                0.5708057705804721,
                14.340806003154524,
                0.0,
                0.0,
                0.0,
                1.0
            ],
            "fov": 90.0,
            "aspect": 1.7777777777777777,
            "model_sizes": [],
            "model_poses": []
        },
        {
            "camera_to_world": [
                0.9989794004430921,
                0.007661126256730773,
                0.044513645490328616,
                1.1411634577617564,
                0.032143157213302916,
                0.5717912455882873,
                -0.8197692290595908,
                -20.44649387707647,
                -0.03173286836579882,
                0.8203633820527787,
                0.5709614229106951,
                14.340916980071421,
                0.0,
                0.0,
                0.0,
                1.0
            ],
            "fov": 90.0,
            "aspect": 1.7777777777777777,
            "model_sizes": [],
            "model_poses": []
        },
        {
            "camera_to_world": [
                0.9989775037335904,
                0.007631742030333625,
                0.04456123368789242,
                1.1409290356481814,
                0.032193895926215466,
                0.5719229233391764,
                -0.8196753764901462,
                -20.44679067235201,
                -0.03174114206036901,
                0.8202718611977088,
                0.5710924387767277,
                14.340224331038373,
                0.0,
                0.0,
                0.0,
                1.0
            ],
            "fov": 90.0,
            "aspect": 1.7777777777777777,
            "model_sizes": [],
            "model_poses": []
        },
        {
            "camera_to_world": [
                0.9989759850996878,
                0.007608241419093694,
                0.04459928089798306,
                1.140414861178075,
                0.03223446468217347,
                0.5720281988420048,
                -0.8196003166276996,
                -20.447441654254707,
                -0.031747763397791055,
                0.8201986676361287,
                0.5711971858536746,
                14.33870509531395,
                0.0,
                0.0,
                0.0,
                1.0
            ],
            "fov": 90.0,
            "aspect": 1.7777777777777777,
            "model_sizes": [],
            "model_poses": []
        },
        {
            "camera_to_world": [
                0.9989748697429333,
                0.0075909963487032425,
                0.044627193464561496,
                1.1396131634526443,
                0.03226422864427237,
                0.5721054309033122,
                -0.8195452369948382,
                -20.448456661301986,
                -0.031752624648673386,
                0.8201449583490528,
                0.5712740306740287,
                14.336336312156728,
                0.0,
                0.0,
                0.0,
                1.0
            ],
            "fov": 90.0,
            "aspect": 1.7777777777777777,
            "model_sizes": [],
            "model_poses": []
        },
        {
            "camera_to_world": [
                0.998974182574574,
                0.007580377968852572,
                0.04464437724183245,
                1.138516171573097,
                0.03228255283128687,
                0.5721529766792294,
                -0.8195113227160393,
                -20.449845532011267,
                -0.03175561890684677,
                0.8201118881877927,
                0.5713213382334819,
                14.333095020825278,
                0.0,
                0.0,
                0.0,
                1.0
            ],
            "fov": 90.0,
            "aspect": 1.7777777777777777,
            "model_sizes": [],
            "model_poses": []
        },
        {
            "camera_to_world": [
                0.9989739481370258,
                0.007576756443722828,
                0.0446502374609083,
                1.1371161146406406,
                0.032288802077763135,
                0.5721691912266368,
                -0.8194997558702745,
                -20.451618104899975,
                -0.03175664031200457,
                0.8201006092991573,
                0.5713374715728394,
                14.328958260578172,
                0.0,
                0.0,
                0.0,
                1.0
            ],
            "fov": 90.0,
            "aspect": 1.7777777777777777,
            "model_sizes": [],
            "model_poses": []
        },
        {
            "camera_to_world": [
                0.9989741905208491,
                0.007580500730386108,
                0.04464417858904994,
                1.1354052217564825,
                0.03228234099203966,
                0.572152427029216,
                -0.8195117148062323,
                -20.453784218485524,
                -0.031755584285099295,
                0.82011227051743,
                0.5713207913365814,
                14.323903070673987,
                0.0,
                0.0,
                0.0,
                1.0
            ],
            "fov": 90.0,
            "aspect": 1.7777777777777777,
            "model_sizes": [],
            "model_poses": []
        },
        {
            "camera_to_world": [
                0.9989749332772241,
                0.007591978345031071,
                0.04462560418161633,
                1.1333757220218301,
                0.03226253391233741,
                0.5721010334987623,
                -0.8195483734198997,
                -20.45635371128534,
                -0.03175234777651871,
                0.8201480167228697,
                0.5712696553084387,
                14.317906490371294,
                0.0,
                0.0,
                0.0,
                1.0
            ],
            "fov": 90.0,
            "aspect": 1.7777777777777777,
            "model_sizes": [],
            "model_poses": []
        },
        {
            "camera_to_world": [
                0.9989761993259308,
                0.007611555117100318,
                0.044593916726583104,
                1.131019844537891,
                0.03222874486077022,
                0.5720133564513694,
                -0.8196109003947776,
                -20.459336421816843,
                -0.03174682952701673,
                0.8202089881670025,
                0.5711824179235953,
                14.310945558928664,
                0.0,
                0.0,
                0.0,
                1.0
            ],
            "fov": 90.0,
            "aspect": 1.7777777777777777,
            "model_sizes": [],
            "model_poses": []
        },
        {
            "camera_to_world": [
                0.9989780108588172,
                0.007639594931069433,
                0.04454851748206795,
                1.1283298184058725,
                0.03218033749574224,
                0.5718877375596971,
                -0.819700458403868,
                -20.462742188597456,
                -0.03173893034147594,
                0.8202963197638645,
                0.5710574297587229,
                14.302997315604673,
                0.0,
                0.0,
                0.0,
                1.0
            ],
            "fov": 90.0,
            "aspect": 1.7777777777777777,
            "model_sizes": [],
            "model_poses": []
        },
        {
            "camera_to_world": [
                0.9989803892387548,
                0.0076764594558760574,
                0.04448880630684913,
                1.1252978727269822,
                0.03211667506271772,
                0.5717225137812878,
                -0.8198182032734581,
                -20.4665808501446,
                -0.03172855337549845,
                0.8204111403472211,
                0.5708930369998138,
                14.29403879965789,
                0.0,
                0.0,
                0.0,
                1.0
            ],
            "fov": 90.0,
            "aspect": 1.7777777777777777,
            "model_sizes": [],
            "model_poses": []
        },
        {
            "camera_to_world": [
                0.998983354894084,
                0.007722507862006876,
                0.044414181483865826,
                1.1219162366024276,
                0.032037120343350975,
                0.5715160167628944,
                -0.8199652831087306,
                -20.47086224497569,
                -0.031715604434823165,
                0.8205545718937871,
                0.5706875808877723,
                14.284047050346892,
                0.0,
                0.0,
                0.0,
                1.0
            ],
            "fov": 90.0,
            "aspect": 1.7777777777777777,
            "model_sizes": [],
            "model_poses": []
        },
        {
            "camera_to_world": [
                0.9989869272085267,
                0.0077780965259052065,
                0.04432403953724771,
                1.1181771391334157,
                0.03194103560355986,
                0.571266572222342,
                -0.8201428373801162,
                -20.475596211608156,
                -0.03169999228766338,
                0.8207277287113975,
                0.5704393971432834,
                14.27299910693025,
                0.0,
                0.0,
                0.0,
                1.0
            ],
            "fov": 90.0,
            "aspect": 1.7777777777777777,
            "model_sizes": [],
            "model_poses": []
        },
        {
            "camera_to_world": [
                0.9989911244065728,
                0.007843578721812043,
                0.04421777504269405,
                1.1140728094211545,
                0.03182778254035024,
                0.5709724993074208,
                -0.8203519959707549,
                -20.480792588559414,
                -0.03168162898993256,
                0.8209317165924778,
                0.5701468153704554,
                14.260872008666539,
                0.0,
                0.0,
                0.0,
                1.0
            ],
            "fov": 90.0,
            "aspect": 1.7777777777777777,
            "model_sizes": [],
            "model_poses": []
        },
        {
            "camera_to_world": [
                0.9989959634343251,
                0.007919304300756382,
                0.04409478043166619,
                1.1095954765668514,
                0.03169672222788569,
                0.5706321099330967,
                -0.8205938781841543,
                -20.486461214346882,
                -0.031660430223436425,
                0.8211676319319304,
                0.5698081584405164,
                14.247642794814327,
                0.0,
                0.0,
                0.0,
                1.0
            ],
            "fov": 90.0,
            "aspect": 1.7777777777777777,
            "model_sizes": [],
            "model_poses": []
        },
        {
            "camera_to_world": [
                0.999001459835798,
                0.008005619356639484,
                0.04395444578948859,
                1.1047373696717135,
                0.03154721506290235,
                0.5702437080973046,
                -0.8208695917118694,
                -20.49261192748799,
                -0.03163631564704523,
                0.8214365608092646,
                0.5694217418558304,
                14.233288504632194,
                0.0,
                0.0,
                0.0,
                1.0
            ],
            "fov": 90.0,
            "aspect": 1.7777777777777777,
            "model_sizes": [],
            "model_poses": []
        },
        {
            "camera_to_world": [
                0.9990076276246624,
                0.00810286587926373,
                0.043796158647608205,
                1.0994907178369486,
                0.03137862070973371,
                0.5698055891760141,
                -0.8211802315607276,
